NC_035781.1	1360071	1365701	NC_035781.1	1360713	1360715	82
NC_035781.1	1360071	1365701	NC_035781.1	1360770	1360772	73
NC_035781.1	57152205	57154813	NC_035781.1	57154332	57154334	-64
NC_035782.1	47971601	47972169	NC_035782.1	47971979	47971981	-54
NC_035783.1	20347810	20348561	NC_035783.1	20348268	20348270	-57
NC_035783.1	30797692	30803798	NC_035783.1	30800387	30800389	51
NC_035784.1	441340	441468	NC_035784.1	441435	441437	55
NC_035784.1	1027803	1029308	NC_035784.1	1029079	1029081	56
NC_035784.1	39671461	39674881	NC_035784.1	39672107	39672109	-55
NC_035788.1	100973560	100977052	NC_035788.1	100973653	100973655	-61
