NC_035781.1	1144874	1152819	1
NC_035781.1	1350400	1366400	2
NC_035781.1	30799383	30817008	2
NC_035781.1	54154390	54158289	1
NC_035781.1	54183608	54210381	1
NC_035781.1	57146640	57164102	1
NC_035782.1	47966355	47976362	1
NC_035782.1	52731841	52773759	1
NC_035782.1	59555347	59598272	1
NC_035783.1	20340566	20353587	1
NC_035783.1	30796057	30812320	1
NC_035784.1	430215	443487	1
NC_035784.1	1022278	1061925	1
NC_035784.1	7621973	7657566	1
NC_035784.1	36474671	36480325	1
NC_035784.1	39670554	39698907	1
NC_035784.1	96285134	96289874	1
NC_035786.1	2470022	2484094	1
NC_035787.1	55623162	55631418	1
NC_035788.1	2450175	2483153	1
NC_035788.1	38932763	38949267	1
NC_035788.1	100968306	101001945	1
